offset,limit,count-ms,lookup-mus,results
0,-2,16700,293965,416
